0.1929810580105492
0.1770086059769551
0.1965375130682798
0.1929689941326747
0.2009947665697639
0.1970007097876899
0.2082438844563921
0.1887895876737219
0.2038925076097828
0.1884739881909156
0.1930083906994259
0.1917107148836519
0.2011293496197503
0.1975260949631251
0.1818923218408404
0.1882120284551460
0.1884100640172351
0.2079595921958365
0.1806747691373277
0.1964750042520078
0.1874826976095944
0.1965355009855708
0.1873150133818597
0.2037299959627236
0.1892960822167590
0.1884158869663602
0.1812298987220015
0.1862239507788736
0.1866030329023145
0.2019847344931768
0.1939203677125387
0.1875322986604730
0.1908258416938041
0.1884177940474067
0.1908594080620648
0.1819766427452156
0.1904743076186891
0.1922358913205444
0.1836697989998644
0.1950013626304259
0.1794820748710569
0.1861757829708944
0.1968647283760207
0.1996350963057960
0.1828794093929423
0.1836266838623544
0.1841396343396322
0.1964866582240149
0.1968500769153304
0.1962153819125768
0.1939948640466921
0.1869712545803678
0.1797457552558053
0.1895552213694713
0.1833349409319479
0.1790754935333748
0.1937415090138747
0.1959076071135088
0.1972356070691632
0.1736447631906457
0.1962754547035682
0.1809707200069296
0.1830627299875879
0.1978492915387655
0.1971449896991921
0.1924988308780257
0.1979155034564027
0.1989262485501762
0.1848533991566688
0.1868947273923810
0.1940466442094207
0.1893908507923951
0.1856315379194735
0.2100540777056209
0.2092625503578874
0.1920710067018998
0.1985590691536698
0.2095002976403624
0.1999819701427173
0.1848559280101534
0.1925394912228564
0.1739098246230707
0.1905939317679993
0.2001554731410729
0.1808931062422165
0.1910549341226283
0.1829096710951862
0.1842733523377292
0.1870291439364384
0.1781144128367227
0.2110465854602843
0.1908809920978372
0.1980856051102916
0.1846473788050135
0.1779844240323419
0.1843913650164560
0.1990267773654652
0.1932117003302420
0.1938871721432021
0.1878520623456377
0.1865921652620562
0.1830673533803194
0.2135764100143368
0.1757785920808667
0.2196567374678475
0.1825404342311034
0.2036770264338270
0.1820679335724536
0.2015688917993581
0.1931336035813126
0.1995117913333508
0.1859265101883392
0.2017728819965600
0.1825601364949709
0.1846045221590062
0.1899706560337147
0.1815303691703321
0.1882664155059672
0.1954416033914870
0.1849821383816206
0.1881726632461086
0.2030910045019243
0.1920876702940566
0.1883652144952106
0.1937018894460650
0.1928079182668201
0.1924662214711888
0.1806852317161552
0.1922163312686019
0.2067632651704038
0.1896870459121716
0.1869965981107562
0.1905314662185100
0.1971467049637582
0.1976306751579323
0.1925209115240143
0.1905334482157377
0.1863747530762173
0.1870944378738888
0.2065347352512014
0.1794561935580579
0.1910876288413818
0.1866664602424021
0.1814291924837086
0.2154756314730545
0.1797108776656069
0.2014173727277419
0.2062774441912555
0.1880366934065356
0.2245526989182900
0.1794420819991008
0.1824899835410224
0.1866454679484710
0.1844793078056275
0.1920718673465362
0.1849661563651514
0.2043345244033812
0.1900991236583145
0.1905557404334794
0.1745202219253921
0.1971741918887055
0.1812168419960529
0.1945233122180862
0.1886692203043110
0.1883135468539625
0.1918898029416786
0.1932367862261574
0.1918967112620540
0.2048656995759340
0.2202460867454851
0.2115247883587203
0.1841113660701258
0.1956353022114267
0.1945336812054733
0.1974439463849474
0.1867395218289771
0.1974762475469648
0.1826535609247449
0.2177856072934008
0.1824116549142262
0.1928633924923633
0.1833028826210451
0.1799711639237263
0.1816212288485238
0.1896532356274398
0.1950764150132081
0.1942550633883741
0.2060447793497673
0.2159940420947443
0.1932577492673274
0.2039312288594741
0.1810710963344815
0.1988225925928101
0.2038086417807315
0.1848738840551565
0.1958280188728378
0.1980655407781415
0.1887289073345317
0.1944614341892251
0.1881273761429814
0.1892710169947562
0.2002144075638237
0.1970811108574495
0.1984642433401667
0.2048252956970923
0.1811618333728717
0.1929945616824609
0.1772129365998475
0.1898264892338465
0.1866857497217915
0.1880356911246928
0.2067684033698250
0.1868639648793844
0.1896428779656100
0.2008936663631268
0.1903632097520882
0.1911422125945961
0.1924887692349636
0.1814529411456155
0.1851452479821588
0.1912403402762241
0.2036022973717267
0.1897021045555825
0.1986238617607197
0.1790686916506101
0.1802893803463641
0.1919675973344483
0.2087124900113024
0.2022440150059217
0.2068742762384428
0.1878627806005321
0.1910935628915258
0.1765567024000467
0.1872827928398162
0.1964024410297958
0.1989414940351118
0.2052975769311687
0.1938090260763047
0.1987518017268781
0.1788950103768787
0.1816260117200187
0.1883624796088045
0.1889496909654849
0.1932658865923040
0.2105234009774712
0.2014106264330542
0.1824466483399629
0.1817457728330412
0.1880645436300193
0.1876531523145178
0.1838501991543350
0.1848655015924991
0.1882192847808368
0.1874756740085703
0.2024929097611657
0.1946921089514624
0.1787818775319527
0.1861650052822111
0.1837964385694055
0.1858069985949426
0.1929894191080953
0.1803198078302210
0.2057150950666640
0.2036164618290631
0.1893933315522564
0.1930813203041772
0.1752958930570563
0.1797257884706830
0.1845848735893940
0.2055719207854253
0.2054486203289063
0.1844582691828732
0.1965150009948183
0.1907730318966306
0.1765915560279463
0.1884330012062458
0.1935004128742701
0.2020154080834451
0.2064952989889751
0.1876224016045880
0.1842736558744039
0.1916850102840046
0.1916465255842893
0.1777260988777996
0.1944592485989140
0.1861521396859004
0.1912475080398518
0.2090402630937165
0.1898812272420924
0.2046065548579609
0.1977193796968579
0.1938996064957492
0.1866009354285983
0.1969082700924606
0.1823469865362285
0.1903133403859991
0.2153382510049494
0.2019315607119350
0.2147697542784792
0.1892707547704847
0.2186710545647006
0.1751082049817152
0.1872472862821725
0.2070289268160456
0.1924433348894297
0.1884668941497845
0.1986322150508454
0.2218255869206073
0.1945335069002265
0.1837677023114551
0.2093074595262566
0.1904942077843535
0.1853223829565805
0.1928376115455886
0.1822815427995952
0.1993239968970718
0.1900320517080487
0.1827114466730871
0.1793893974998118
0.2012369681584478
0.1926316049292146
0.1936152532882898
0.1954160146951078
0.1876275799785857
0.1986137593874892
0.1788199945278613
0.1977775851737171
0.1999328492054101
0.1871458139622706
0.1933839340778735
0.1832624514863402
0.1860002354196446
0.1893344951640805
0.1866939336159130
0.1769627494150224
0.1844608822103717
0.1988862206140069
0.1936208352218736
0.1880951936688735
0.2263490449353288
0.1872105248246062
0.2015952707287658
0.1838769464542069
0.1789340584645796
0.1884839670956922
0.1917537629556867
0.1914268220980270
0.1856767800089667
0.1890867220725821
0.1970941967095627
0.1820216272115256
0.1890161929033963
0.1908707417369541
0.1880551910428598
0.1996784427687508
0.2004771163764060
0.1942681540552786
0.2029358330746057
0.2228341473232385
0.1924728908436205
0.1836089899067108
0.2032062357975581
0.2159536616290580
0.1924137675116908
0.1942130991851016
0.1931847424429091
0.1884307093047650
0.2036541221782351
0.1820658505539613
0.1998526929809055
0.2003409072240660
0.2065273184738770
0.1954171501447624
0.1872760488946166
0.1951777204935297
0.1887511129582875
0.1774329476126527
0.1962280165471099
0.1887634391064708
0.1875319006391158
0.1739090505454045
0.1926261634200924
0.2058089463166308
0.1959313465098907
0.1961668238566668
0.1999664566189379
0.1856977600521866
0.1844218262527227
0.2024083845358050
0.1828000856354615
0.1912397618171894
0.2012442303418321
0.2070344265026728
0.1855751703766510
0.2063186972893312
0.1931747997047661
0.1794602134359000
0.1989490676510614
0.1871854463928145
0.1843493038240709
0.1987807679708996
0.1832406593190951
0.1778010740176247
0.1985034974416824
0.1876182926203906
0.1966825331611783
0.2027584130741807
0.1802386462336341
0.1932329721159897
0.1856687068085584
0.1995773778451662
0.1903553826020421
0.1944823388303671
0.1829641518155565
0.1863791801096644
0.1821862125019658
0.1711358731675346
0.1883465020540843
0.2124734969134450
0.1988344700519467
0.1972900886284827
0.1751114248148651
0.2295618999962107
0.1926694685030656
0.1767655394718297
0.1765770513210030
0.2093099276410831
0.2004264968606481
0.2032265520651598
0.1941028810384393
0.1970608419690663
0.1853609476156744
0.1798567913053610
0.1913787401928018
0.1886790987551220
0.1921379745640206
0.2004327443334326
0.2123305060517164
0.2027916774363028
0.1830039633741340
0.2127630629638119
0.1935518748089021
0.1880625260355050
0.1982596485017804
0.1800211538090689
0.1824126427872196
0.1898470744039862
0.1975145336009261
0.1885743964259156
0.1973566825752239
0.1918252235124470
0.1879384524181222
0.1879300444290832
0.1874291124919235
0.2086891532651492
0.2091272153707192
0.1908595055707734
0.1885721166519404
0.1914754700590872
0.2006843519458736
0.1901732165628228
0.1844169918322088
0.1847797981051368
0.1847530213486121
0.1790582722212871
0.1922256904454124
0.1888107405823325
0.1965664214770339
0.1892061549759294
0.2129041191854875
0.1946307506284255
0.2167036981596171
0.2178253123025295
0.2005813437253310
0.1867484430844218
0.2010281319847128
0.1997654624741232
0.1866257878821306
0.2252209852617381
0.1994708671783716
0.1885182403547479
0.1878404800068891
0.1914135101893635
0.1926844471553532
0.1818824276107735
0.1901046125477986
0.1930888707229687
0.2048955311669085
0.1916497188304998
0.1962762426322992
0.1952689358573615
0.1991842025403051
0.1916207976448995
0.2100588181270538
0.1976364293425300
0.2043341612408249
0.1994605954700878
0.1885796275739691
0.1997930513352542
0.1986264827566403
0.1915381344444160
0.1858304679203885
0.1887678314475739
0.1886430056556556
0.2225337439930752
0.1955774136447285
0.2009605690855138
0.1889238035566281
0.1935874199675089
0.1882807389507826
0.2057577163224065
0.2106255572691265
0.1861039763663166
0.1879341737038099
0.1941883599680171
0.2033050629002849
0.1962386889895855
0.1824529457512464
0.1805258796987771
0.1782009521965986
0.1891471593371598
0.1841881495474088
0.2337613193242104
0.1963263945102917
0.1843248361155177
0.1988676297024811
0.1767584685935415
0.1964787046550242
0.1861307921733711
0.1854839041550062
0.2130447113979644
0.1887902645604692
0.1987107204258594
0.1907548647806361
0.1961651075945240
0.1817798520121826
0.2116742677288661
0.1922677936801365
0.1936120537402938
0.1937921626864395
0.1879341582772547
0.1797298357792077
0.1814647230046765
0.1925729944326732
0.2055288959169770
0.2124233063737362
0.1980531318760798
0.1813363837766520
0.2003566986517209
0.1948197990091261
0.1845469233884772
0.1798025045273000
0.1900082176546270
0.1962137093052226
0.1846046493616974
0.1926150544194250
0.1965633088063309
0.2028064207572768
0.2023445921484445
0.1896591576495801
0.1891205567695479
0.1987089693262875
0.2052155437750910
0.1826719034471468
0.1885350423122489
0.1842168365244175
0.1889873739463134
0.1887424359969603
0.2035244180292556
0.1874561663977197
0.1884877710250452
0.1854411377149547
0.1914126870717540
0.2009067767779393
0.1794750028342287
0.1914322685987351
0.1926901042533727
0.1812582833543939
0.2059081480062931
0.1903942958632359
0.2078884339460432
0.1816367805475325
0.1959739877835716
0.1899728381956440
0.2163892900589482
0.1893087244717526
0.1870667220232493
0.2033159804025927
0.1990773217112198
0.1933942909889629
0.1973324313841291
0.1825561579164038
0.1945628200678229
0.1878944562640596
0.1927862542791369
0.2009216882910708
0.2013718556463572
0.1919245782008900
0.2075179678791079
0.1900811946120987
0.1837236993728130
0.1852548499206617
0.2064639244113164
0.1901674705977101
0.1700609309342566
0.1895987021129523
0.1916789350850818
0.1880213538687447
0.1813981022787791
0.1953219248448021
0.1886256578262428
0.1906367143663058
0.1936619595153556
0.2065496756413468
0.1850583573734714
0.1901530235808810
0.1916377108786926
0.2072282128707061
0.1786595236009539
0.2098795938029903
0.2097726159979033
0.1751347178285055
0.1787721450666497
0.1774000055031193
0.2036344489968580
0.2157673784634617
0.1927971853751493
0.1911220614193742
0.1913810402775124
0.1807395752893625
0.1899339269396229
0.1939829356713329
0.1913461703118282
0.1942249022310416
0.1851743718617981
0.1941053477976012
0.2072112839868004
0.1960721114956653
0.1896184272222563
0.1979076743114357
0.2007263174121809
0.1803456335604344
0.1854304518795896
0.1918060364140826
0.1923398067481811
0.2057203788784534
0.1968135088507927
0.1857063776733878
0.2005625690622816
0.2164695829252334
0.1813416957311874
0.1900537241960020
0.2009498840210827
0.1849832668293880
0.1899488827441337
0.1882798564225660
0.1809506265071481
0.1949070066937816
0.1869948725820229
0.2018471967552309
0.2012432454408516
0.1999127730223050
0.1785423677846923
0.1927533860753448
0.2132472207515622
0.1983425844564533
0.2083129038908547
0.1966836699154315
0.1878598930964634
0.2687846200934176
0.2051388006634035
0.1966881641015623
0.1977108856475453
0.1956301390136259
0.1899198169974600
0.1915150428367217
0.1917466332929255
0.1885481204286050
0.2092020686849456
0.2009301622461946
0.1906488956248330
0.1876527408797086
0.1881103832023429
0.1819075280520583
0.1939270816276670
0.2004553714276706
0.1825975581904483
0.2044580233887072
0.1984854276131676
0.1791542794846992
0.1829096604768446
0.1967419418485028
0.1941108307902144
0.1928856426217261
0.1879020904722967
0.1883688869620919
0.1799152153873370
0.1781474781901629
0.1887182014276514
0.2039003695587336
0.1840466779239336
0.1892639133422132
0.1820187944043961
0.1988442245809522
0.1836565244221944
0.1932173237976147
0.1900564475400541
0.2150436932312693
0.1856307807552514
0.1879151550552461
0.1974559744963298
0.1917438442401211
0.2032037940190983
0.1809374806416100
0.1950843567358434
0.1861768327313417
0.1893170117537313
0.1873204389401377
0.1942387075869313
0.1992398185326787
0.1911614639923729
0.1918047414401660
0.2032450887055523
0.1727948097868328
0.1770393526532291
0.1827398288234323
0.1893961847855636
0.1846907756254198
0.1921221980910175
0.1889829977770573
0.1877282208123610
0.2022132680673656
0.1941523860253230
0.1951786258648917
0.1800958633657128
0.1837741396962478
0.1899190312110897
0.1851041786887172
0.1834911569623209
0.1788480293507381
0.1901149424718430
0.1956865655266403
0.1982972251662037
0.1998156696824888
0.2018218394401307
0.1927485689237660
0.1818558639477540
0.1825751309815007
0.1906278264199618
0.2089941909883977
0.1909888738739563
0.1852573396358665
0.1729566283590438
0.2039719163156364
0.1909590143491562
0.1889250117036047
0.1960261760186274
0.1944845226194493
0.1836825886418459
0.1791755143567602
0.2066715153723026
0.1958250555866776
0.1825959786378658
0.1883962144650152
0.1834638849389584
0.1775785623899269
0.1917480281782910
0.1841766172708275
0.1972561658205477
0.2030947987802907
0.2075877017518074
0.1809892097093234
0.2001894744595456
0.1857245489747887
0.1815619191032670
0.1858060124704468
0.1944429709330955
0.1941986024231621
0.2151168743821341
0.1799829004680696
0.2033196702262705
0.1951065792300211
0.1902763365731806
0.1925313052592196
0.1891762982575988
0.1947079753563867
0.1821964430691476
0.1935844481210796
0.1889145425309890
0.1879826209862907
0.1970832888687202
0.2039284671856955
0.1852891132836929
0.1867769894356155
0.2027506898970321
0.1909817459309327
0.1973831454640140
0.1915900827721766
0.1964642655375582
0.1997164714271381
0.1883174361309187
0.1776191826822260
0.1795809123710510
0.1998805133270414
0.1914458354970516
0.1915432373991697
0.1775765202304951
0.2043246230081233
0.1827563255166732
0.1865932750673343
0.1974847640006470
0.1899212234805447
0.2043980845863307
0.1959277256302001
0.1938503147156084
0.1942891049820888
0.2033542673406288
0.1911759905077696
0.1855308727860084
0.2054642376558112
0.1900333841869273
0.1879282623210955
0.1877361613355676
0.1960909093654253
0.2207544885878106
0.1931181536474359
0.1860294998541128
0.1954848281606137
0.1745704957748366
0.1906595736871520
0.1810441777365108
0.2133844927180247
0.1851748569123423
0.1942670769306725
0.1812719478115171
0.1895599577222616
0.1790431577126783
0.1798517665977488
0.2012860792947564
0.1986387040406864
0.1873553783463942
0.1886684939259243
0.2115350156591377
0.1895719316896944
0.1971703578687608
0.2002229139884844
0.1934266382899520
0.1988176719384684
0.1973023914593123
0.1835990445731352
0.1920524237095665
0.1780963830941379
0.1931206612820971
0.1721582499132100
0.2037955980031602
0.1889731488808437
0.1915650819521635
0.1788546372843364
0.1850635576943492
0.1772818658248634
0.1964475970067588
0.1772907259627036
0.1910468933435962
0.1842309852879174
0.1976842409990507
0.2027325159479652
0.1918399379541113
0.1918072592712252
0.1919309174944185
0.1938463985519176
0.1927407594159754
0.1901730741002819
0.1893313005396578
0.1999595359897593
0.2170535360664981
0.1980703947522545
0.1843258878361024
0.1815108789498677
0.1822822890520913
0.1805550478811349
0.1942873485558003
0.2420363293319112
0.1811887834628615
0.1854919502290840
0.1901556468521055
0.2096854208679794
0.1832394834985941
0.1826162508607927
0.1765440824397507
0.1905351726941271
0.1883235379790672
0.1931507930353540
0.2001052998424558
0.1766409426907906
0.1990502388868769
0.2171224750978253
0.1870193191185987
0.1827218020759294
0.2260702438383040
0.1999921831062889
0.1888226058158340
0.1852232125080182
0.1921359621598746
0.1878942194348516
0.1870529720914027
0.1763115439237043
0.1958633665989323
0.1949453096988936
0.2008254591886253
0.2063871613297509
0.2039991183758466
0.1963811012692508
0.2044372057313180
0.1922038841232562
0.1814219969030623
0.1884025291332783
0.1922498992817838
0.2168089458926730
0.1905145544259105
0.1908793968290176
0.1818866878465363
0.2050931938512411
0.1803179091406868
0.1924599500488468
0.1847063614944142
0.1960721875329162
0.2023954414619745
0.1897524572456037
0.1975237935634060
0.1807000238947616
0.1860349017184430
0.2041284812368904
0.1920257681481130
0.1840606733187460
0.1857971033805623
0.1886916918538379
0.1969329785030434
0.1787392307942691
0.1878456199025480
0.1960443734557612
0.1867846479128914
0.2178092030921695
0.1940214144303166
0.1914282194088914
0.1892649076864388
0.1943598214931097
0.1799320489367029
0.2205658283200095
0.1798106907932737
0.1951055251684818
0.1895022878426999
0.2060595506680930
0.1832078696726146
0.1911670796826796
0.1876912580444506
0.2080954654769865
0.1950457107703359
0.1925230818216014
0.1814888413833119
0.1981539370521811
0.1770967359083989
0.2002238012998325
0.1949541548098903
0.1863714349877992
0.1987410572385281
0.1846881511906466
0.1955998092272689
0.2074158577946234
0.1881921284677992
0.2084203694335843
0.1866437623277435
0.2081896659897405
0.2078585244162724
0.1865550006674665
0.1901360425546811
0.2086083077086455
0.1952304716928956
0.1751595209303550
0.1756593649200723
0.1745392955783059
0.2055981423117117
0.1893224461867135
0.1989336843663488
0.1950440160343071
0.1782328042111926
0.1867212315103275
0.2154383092817250
0.2134454813398762
0.1900457875563108
0.1901518832574950
0.2098749464334785
0.1855014500785726
0.1887693583511338
0.1907014140119977
0.1922649436558722
0.1992213254310669
0.1842985771010523
0.1807586531323946
0.1982660366353211
0.1861032077900582
