0.1920506244158969
0.1949928650037667
0.1925249332493923
0.1931989694421634
0.1904600623283657
0.1910348090017478
0.1919314251441777
0.1932281436324669
0.1940996298335446
0.1937672959758656
0.1914874716461120
0.1930086560052604
0.1916810562445739
0.1928702788151203
0.1914367232172769
0.1915810458713784
0.1933914799916598
0.1928250272873041
0.1925180710781464
0.1929527992575829
0.1923741629979710
0.1934954018403146
0.1943253766611903
0.1930628546656180
0.1948001787337387
0.1919219649174682
0.1940017875686950
0.1926117311130278
0.1935995706321729
0.1925961236579377
0.1920373649292715
0.1922896905120915
0.1943601761314928
0.1934449217578992
0.1924978976546664
0.1928532962468610
0.1925096205868024
0.1921452455688989
0.1930745192778693
0.1929365665939963
0.1925229213723013
0.1931376159984718
0.1932802589880994
0.1932834888240746
0.1925478313026114
0.1927531248420570
0.1945654185168249
0.1922625209857628
0.1937619379403424
0.1943434920683289
0.1924023816818094
0.1943684612454466
0.1923047536359695
0.1920320341808647
0.1918008696922861
0.1934181076388571
0.1951415282694955
0.1927080293072759
0.1916440478654854
0.1947384899414833
0.1940749270334253
0.1927172008942636
0.1935181113794710
0.1927539195850670
0.1926306372216726
0.1920233690169013
0.1916031368745504
0.1909233934350540
0.1922980807137803
0.1910530890400558
0.1935225810023488
0.1918176476496981
0.1926963617967024
0.1940848796784595
0.1925382050791765
0.1934698747621781
0.1946033237965006
0.1939032931494409
0.1928217583047590
0.1916529933008644
0.1927559714300874
0.1926967234752530
0.1950916018309540
0.1921479072474454
0.1919050135403102
0.1947968017991575
0.1925502322817192
0.1943180582953745
0.1930277786781063
0.1916223523352560
0.1918417234594299
0.1931100655837220
0.1919347893147733
0.1930318339068591
0.1910958299730386
0.1941599747027187
0.1923562606263208
0.1928839403785262
0.1937435567432796
0.1946075185507063
0.1912892007764511
0.1928014387525786
0.1933154990994975
0.1925593653068644
0.1940780642222754
0.1913930236147895
0.1922951807485865
0.1922210412804929
0.1925186930726026
0.1947617478172927
0.1939846842418286
0.1926596201019927
0.1928729731776296
0.1920506461000583
0.1925772386321362
0.1955094678174469
0.1920028391287442
0.1944279703318803
0.1927366308881909
0.1922064490558875
0.1933353643951430
0.1920822139574745
0.1916925155633780
0.1932479592165496
0.1938657883153266
0.1929892022070889
0.1915762978711462
0.1941456097911849
0.1940443352764542
0.1929494705853503
0.1938120653914704
0.1914227435010039
0.1918512008314537
0.1928299842165681
0.1946324948014510
0.1924587879510900
0.1938559177251344
0.1912157063810867
0.1936212765120093
0.1919840532822463
0.1939620378926484
0.1946353862011023
0.1923422031267116
0.1924267335918192
0.1924923547684375
0.1942764145211246
0.1929299907952117
0.1933409915406885
0.1924786789726179
0.1926477197244081
0.1905445092002093
0.1946856953231010
0.1958477332593722
0.1920821404954421
0.1921612612340358
0.1936807498600573
0.1931881178968286
0.1931576268648429
0.1917388160463414
0.1924920135032936
0.1931834914568349
0.1919221272827691
0.1932007121995122
0.1927964471228478
0.1929512006279946
0.1916741047197227
0.1928256139009225
0.1942656417020061
0.1928032181606418
0.1932334016965786
0.1930767159718465
0.1917432501702418
0.1922828856443433
0.1912835617538113
0.1906799856306431
0.1919515039087881
0.1934120614990970
0.1946326685039222
0.1929684298924936
0.1906152084914169
0.1926612610610673
0.1921226792625341
0.1916852729124389
0.1940051921424856
0.1937173571175548
0.1936235214270111
0.1917673283846343
0.1932205788940289
0.1902999827425507
0.1925671541899978
0.1926737338146139
0.1944329398071242
0.1908459901648350
0.1919143886970865
0.1920038662488478
0.1928009707550473
0.1916613750725987
0.1918313107920163
0.1943035625602075
0.1948392329890820
0.1920350723362150
0.1929039551178674
0.1939905214204243
0.1936344371100396
0.1919819698234818
0.1922599698480026
0.1919105110603909
0.1929841223102746
0.1942931464517512
0.1920947639957296
0.1931054578715542
0.1929351558981981
0.1918190203421048
0.1909328396937954
0.1958027305779974
0.1926892475896007
0.1927252190612311
0.1924282017457776
0.1929107052241776
0.1919790869927775
0.1924338629403808
0.1929589022804064
0.1922213773468359
0.1939187640789000
0.1932811484735951
0.1927413531895036
0.1904713676460980
0.1925624188214980
0.1931359381272442
0.1935883638843405
0.1927529649754275
0.1913409530626948
0.1920999231513338
0.1938385359783695
0.1931081990473277
0.1953767716183581
0.1931268816524078
0.1942322722691912
0.1923719002239655
0.1923832357025192
0.1925551672519705
0.1929025690458670
0.1936449321873515
0.1925933134228412
0.1918765356736672
0.1905454893014328
0.1924543428358240
0.1939088878209813
0.1932018131688494
0.1927778220838736
0.1908331831221041
0.1929860088820055
0.1931573088819850
0.1938658205613662
0.1936614262311811
0.1930162501888198
0.1931188359477070
0.1915678381830156
0.1936778383130148
0.1928541709526883
0.1941595864776011
0.1926883583802171
0.1932357684705349
0.1945887403552083
0.1914163333345841
0.1919870660758106
0.1915231738469255
0.1945121129579057
0.1924662575691825
0.1915743632969263
0.1924378383416335
0.1928029965518750
0.1921453902397790
0.1934196015784570
0.1929586603499543
0.1942998343392436
0.1933219583373075
0.1934899938821822
0.1907581397772423
0.1924959974832331
0.1933602059991048
0.1906991219456123
0.1932676125469784
0.1924714611242144
0.1918277463437379
0.1933935999882330
0.1936225565108143
0.1921365800366380
0.1932663448335008
0.1929213639888546
0.1935476200893261
0.1938318934057646
0.1942402710869805
0.1929756843228190
0.1933021959910437
0.1939306463786279
0.1932305755740606
0.1928758259883123
0.1929802656756654
0.1930600328078488
0.1939507247200997
0.1930374797767330
0.1928706153674781
0.1957633795041846
0.1940007636747729
0.1929574829765021
0.1940893246556080
0.1937352525254699
0.1934878723023161
0.1937415573867331
0.1919591566309532
0.1905051297530506
0.1933591476864326
0.1951665136522977
0.1929817339597925
0.1926457391438265
0.1931322888618475
0.1942068859462212
0.1923314081147296
0.1918628505639032
0.1934818559718288
0.1935551051381268
0.1916921563023264
0.1939080801729428
0.1935563039595116
0.1928229240637261
0.1927176789706906
0.1926087876385442
0.1928868669512595
0.1912994378249002
0.1912754613094408
0.1912465343591024
0.1943738645249901
0.1912423870448044
0.1924426140804226
0.1933085383428568
0.1927083149601374
0.1941731990946459
0.1937364102722755
0.1923530699017821
0.1924722004783746
0.1923864229162898
0.1940211050626718
0.1930018217121391
0.1927298789044694
0.1926834662021859
0.1931262784655974
0.1914605557859640
0.1925329009616479
0.1951417495761628
0.1921713304234636
0.1923633507137574
0.1946065103945362
0.1916496222570498
0.1919257615342468
0.1929863315829981
0.1924346798321658
0.1929371823835157
0.1933373441328718
0.1937054672682643
0.1941212574215059
0.1932895397274261
0.1933608980317552
0.1936489563385592
0.1919784466810095
0.1929416983867953
0.1931418640083990
0.1935418753839082
0.1927824819228195
0.1934193125542931
0.1949915046152641
0.1939693197856129
0.1921025185555618
0.1929015261927662
0.1935430699303305
0.1930108687598218
0.1919500773389607
0.1934458919721300
0.1940175827664255
0.1935742380378471
0.1911531918704837
0.1933218926853419
0.1937509513524890
0.1946364066421208
0.1917667221745588
0.1930730333270906
0.1944603776986088
0.1929763302968006
0.1935165763451644
0.1937090407412229
0.1924486129468682
0.1924048988651799
0.1930477446568444
0.1948767357018711
0.1922149306883639
0.1928020266769485
0.1923837493238802
0.1935117143403619
0.1934210141756014
0.1930787314906285
0.1928702155661308
0.1932875813623245
0.1938629270995402
0.1940970760026292
0.1930050662877509
0.1929368026430781
0.1944448469982060
0.1922359373992233
0.1923320488540105
0.1902801040771482
0.1930659960853920
0.1915998193383856
0.1923567487510408
0.1926100604481539
0.1933637534453398
0.1931241810775607
0.1921573484005580
0.1924447620768474
0.1937201612982707
0.1907869391368650
0.1924210839331672
0.1940534078593573
0.1920977863799857
0.1909653454522132
0.1925185869997846
0.1918089797381225
0.1929043035239605
0.1931199420183224
0.1928377420541382
0.1917225998943079
0.1932335501420863
0.1937078450111458
0.1930548037415899
0.1929570719076679
0.1945895975167635
0.1931267777977267
0.1924445023746020
0.1929106037680208
0.1931890905979393
0.1930925958560785
0.1930265431892614
0.1909557227268280
0.1930169979508268
0.1928973550789249
0.1933959207555109
0.1935492895466894
0.1922737893259426
0.1931601837751490
0.1931190135224228
0.1931551146532854
0.1944832383162968
0.1935817174107393
0.1943748794815620
0.1933415550209818
0.1928867830288059
0.1928654505312912
0.1915942512589994
0.1931676066934607
0.1940776498169134
0.1942954047936155
0.1927248911562209
0.1924362396089462
0.1945402178644950
0.1930304207328551
0.1945062465360989
0.1927155049371674
0.1927925142641587
0.1913565965297294
0.1926266759917388
0.1925093191622683
0.1923835327336514
0.1929973085422168
0.1938167773106945
0.1913390814659803
0.1931763048840337
0.1931919741163537
0.1947907469785871
0.1944580990630311
0.1898152216631281
0.1929432994128751
0.1943405906217413
0.1925858585411416
0.1939969165921887
0.1942364451521739
0.1930271861664601
0.1935884260085688
0.1920850467075057
0.1940908639445658
0.1922372872662252
0.1920375240803653
0.1923562927714716
0.1935405766288154
0.1924946451529173
0.1926710503467052
0.1943830615229244
0.1914794765016259
0.1945780597302649
0.1929066492663714
0.1911779950478947
0.1926324332524598
0.1924286315950130
0.1918135989662105
0.1929451060508699
0.1930416346386161
0.1922363129289196
0.1922784792549983
0.1924044491353910
0.1922805309433954
0.1936169910205729
0.1928263851297000
0.1932194110566663
0.1933475467476327
0.1928031991919652
0.1923966322455450
0.1928407133204013
0.1929467064857555
0.1893548019286775
0.1937994939808216
0.1914359469421410
0.1926287180958364
0.1917296117715286
0.1915827566442903
0.1930707092340103
0.1919664492234890
0.1930352938905349
0.1927439798747985
0.1932653503715567
0.1920699989913362
0.1946444015276480
0.1945213280411886
0.1927829637678216
0.1948333809437704
0.1927502485522368
0.1944020347691080
0.1933957665348315
0.1928261335655017
0.1942149431342283
0.1947668003887136
0.1928437601139711
0.1943060447518294
0.1920509786854021
0.1930998719498120
0.1917455497846512
0.1933081435890999
0.1942063000996752
0.1917783685349374
0.1924370937751237
0.1927881930250350
0.1930984307939423
0.1930712298688920
0.1926323258415036
0.1922899260830662
0.1930456267751731
0.1930545957890340
0.1921024674492541
0.1922730460618528
0.1925651435894337
0.1939343575978713
0.1922195082482983
0.1943274689215034
0.1946904916630990
0.1932033444486883
0.1928801151685866
0.1918540828038598
0.1920827502072953
0.1944272271443658
0.1915110724870602
0.1921076423895424
0.1936528879279210
0.1949402087579725
0.1923946567043295
0.1935964955404084
0.1936468611757327
0.1922622959183803
0.1927907971731436
0.1929049598744643
0.1921415716738037
0.1922495986665797
0.1912452393496168
0.1925604031659269
0.1931297542244349
0.1936740821706165
0.1923871479381195
0.1941963797209879
0.1928247574306257
0.1939967716270135
0.1928862231923484
0.1914158556393598
0.1903636602467561
0.1912922003805866
0.1918968546327693
0.1933855821207008
0.1929473370455673
0.1930364711800872
0.1930153082168737
0.1936028906681019
0.1915471897816659
0.1937771604945118
0.1923304596014960
0.1951148916864385
0.1928417470554978
0.1911024519824097
0.1941234161757756
0.1943392461673839
0.1934838235604359
0.1929487953658155
0.1939499269449124
0.1927756886508533
0.1924375523962419
0.1915328112925682
0.1934714545889458
0.1923170452023856
0.1929219587672838
0.1954433009805279
0.1928827014284210
0.1924751274223869
0.1930332790428722
0.1907845202197247
0.1951155783212065
0.1936881233795459
0.1922391860459276
0.1941313951487553
0.1933909195883274
0.1927731963254917
0.1940586040485807
0.1930078433697844
0.1947985610289598
0.1935218870421873
0.1957856782593146
0.1943145856589822
0.1912031075487518
0.1916948691501128
0.1932685963868017
0.1912143689727142
0.1918906589472895
0.1890454802041712
0.1933635926145779
0.1931756711555108
0.1937088304021606
0.1939005346783402
0.1930905753644508
0.1917754258374425
0.1908705527357785
0.1925263610058814
0.1917261129758694
0.1920323410676906
0.1934597268497809
0.1929119681330576
0.1934733622330894
0.1933223989799773
0.1934331941032758
0.1943316597092374
0.1938895308684587
0.1924015313983353
0.1947051743960145
0.1935741313395902
0.1913943666129273
0.1926206642369435
0.1936829239004671
0.1921755111160731
0.1925720559936750
0.1919505265585162
0.1920086608220047
0.1947994046996919
0.1934230076091829
0.1930426184450306
0.1922422428741692
0.1925965018827404
0.1939519887671264
0.1931109541723680
0.1928105943293864
0.1933110006144444
0.1927123441654147
0.1934844011270776
0.1923833569806851
0.1907117324530599
0.1925975797714452
0.1907416482877252
0.1923030032430047
0.1924889998545993
0.1915648258736742
0.1936636295596447
0.1934009404905141
0.1930879536264906
0.1928309407916825
0.1910453307717694
0.1918175487711273
0.1931496228993514
0.1928985263918261
0.1947023989314129
0.1940681530171106
0.1916679873142556
0.1932404454569369
0.1926554138286459
0.1937817050109046
0.1934467576088748
0.1916590329055836
0.1911026197221493
0.1938199449556995
0.1922093016697448
0.1917702067042538
0.1921665736080747
0.1952925616392133
0.1925028779619669
0.1940246527039469
0.1927736870162187
0.1934439639747658
0.1927616892062886
0.1938726386073354
0.1932019289110653
0.1928131955414412
0.1921287661712494
0.1931657857363741
0.1918137567138957
0.1922336710720018
0.1918372927112215
0.1937568826345589
0.1928703191199558
0.1931606210051000
0.1926758190613322
0.1935161264996613
0.1930215931576929
0.1920421788608212
0.1901877917406833
0.1924289834132483
0.1919278178377277
0.1909738463020730
0.1937260903416566
0.1908642372288120
0.1903610087624424
0.1924418972488986
0.1931482459958965
0.1923529580622254
0.1927217736221703
0.1913441897742710
0.1925560438978333
0.1903974801149241
0.1928222709041029
0.1923858874893375
0.1924003488740877
0.1923939888428159
0.1937356743065943
0.1921200667133054
0.1934806331174730
0.1913759783801381
0.1922611612039478
0.1927244226695016
0.1916844537601901
0.1923461308789421
0.1928777293136699
0.1929339167346890
0.1926140292175593
0.1913652854052614
0.1914780983228896
0.1929314671696404
0.1928757541286407
0.1937973341806531
0.1920790883155017
0.1917600168387044
0.1942472572234398
0.1927439107196739
0.1923592561895770
0.1920775188987386
0.1921283833962156
0.1948391233473486
0.1928980244167767
0.1928960368199293
0.1934752540455349
0.1936125435943449
0.1925750468837276
0.1935070324626128
0.1917719497250846
0.1926974992361373
0.1922820297806800
0.1908449358442425
0.1932304510320521
0.1930979654362713
0.1945842061125774
0.1926952147769028
0.1927177851120408
0.1940323884984971
0.1914756123326283
0.1925105682236820
0.1905631991080362
0.1923650333971653
0.1930230248976742
0.1920761850326237
0.1916627043913099
0.1928267825855143
0.1945099640572207
0.1917658613390326
0.1928396805436818
0.1925812802041174
0.1934260814571464
0.1913675421732317
0.1942984180561052
0.1925850093290234
0.1913290205901888
0.1920200842232984
0.1916124263281608
0.1928598940539418
0.1925776435242652
0.1930096275229602
0.1927772674342818
0.1924555705474017
0.1948189445565541
0.1923729441123560
0.1915557233660242
0.1923775816760379
0.1924333888886915
0.1931423481902037
0.1960851412524700
0.1923418110874171
0.1929629664657398
0.1937109359094434
0.1937336305238902
0.1921394121096631
0.1925157045847793
0.1932762717269543
0.1941575796504298
0.1941317066203689
0.1939032646788714
0.1910009311263820
0.1923774563095724
0.1935863605637749
0.1941119457847468
0.1941259992740337
0.1925097775980273
0.1923743243585213
0.1922071796869095
0.1901226848825686
0.1945415532900676
0.1916512384590189
0.1928785143664494
0.1942063747801160
0.1921380247422281
0.1921950236697999
0.1949421186420804
0.1927581048962676
0.1925645498486313
0.1917738872924691
0.1908884848327056
0.1912638666936698
0.1930131014287697
0.1917956698285164
0.1920652703198070
0.1950518794991973
0.1919970875838962
0.1944463703534456
0.1936662626588307
0.1934961294029496
0.1922324198959698
0.1945334096543116
0.1936550929774749
0.1935730581479352
0.1936033028116578
0.1948358725425363
0.1917006504054728
0.1917287739997432
0.1924454228890497
0.1926462138854531
0.1930507712954009
0.1914290454201336
0.1929805208075228
0.1938227577343657
0.1942818983036366
0.1920270331155842
0.1934298267810297
0.1936873670878184
0.1930604415748673
0.1917871810748854
0.1906817614688584
0.1938214740590821
0.1939265662540045
0.1927231119484970
0.1935977753810684
0.1928236407581513
0.1911335965751018
0.1954763315877940
0.1931925355976936
0.1934060935800493
0.1940887206423304
0.1930844778513298
0.1935853887765002
0.1917387354670846
0.1929904110717627
0.1931168986141272
0.1944934835775720
0.1929061775086363
0.1930883399706268
0.1905835853134032
0.1933824679612324
0.1910370900066755
0.1941204608148431
0.1936159568314069
0.1916837972215482
0.1913701655841654
0.1932048121673514
0.1915580471875934
0.1926260331801099
0.1939732173576801
0.1919804165060615
0.1930551931661608
0.1934524651388712
0.1925082953611746
0.1926598900333126
0.1916102152961343
0.1913873073656758
0.1929911933903266
0.1922019062124052
0.1930279647712609
0.1919218274043334
0.1925903635631179
0.1929064302523689
0.1938787653595780
0.1935006395410514
0.1929591539769168
0.1941733219508160
0.1924029908331037
0.1926539092296118
0.1941461278713520
0.1922111045018666
0.1925914027188748
0.1925444716421017
0.1933334035930445
0.1927260991173936
0.1920588657422959
0.1926192357645460
0.1930135123024012
0.1933780150160074
0.1930926848345673
0.1917811469947828
0.1935131740935374
0.1935220727202278
0.1919567373510744
0.1937304557200245
0.1935040792367698
0.1934625818805787
0.1932973540363817
0.1912651592132997
0.1921068489775803
0.1935505890043209
0.1919575134663104
0.1944855902616605
0.1908934605271133
0.1930363184114896
0.1925642234067712
0.1937147752758605
0.1937099626783915
0.1930325996689858
0.1925990372219846
0.1935418890760937
0.1939793484606506
0.1936358925756462
0.1938544363132486
0.1924041109401736
0.1934874992175407
0.1919959186837411
0.1938966611216101
0.1929101186959771
0.1923163186480993
0.1945055012220511
0.1922306441511500
0.1916585889435582
0.1921694808263423
0.1924666915829984
0.1932970893407744
0.1929141280900621
0.1930306755882790
0.1936803640431912
0.1935772611711815
0.1949466245092564
0.1921098790630472
0.1933339549750867
0.1910562783584549
0.1925160473909271
0.1926096364469317
0.1914619400416413
0.1938071097776628
0.1940125801925126
0.1919528543549444
0.1924112342274387
0.1909180166906927
0.1927501660138165
0.1910928137870729
0.1941789616936799
0.1917553939334807
0.1920269836868147
0.1942132856190122
0.1930957120454330
0.1932842949300227
0.1918707703551655
0.1933389318865692
0.1929562787567301
0.1904118066700014
0.1907983360007325
0.1936204047931901
0.1918069659476840
0.1910831941090414
0.1931578440733267
